% koi8->ucs
164 1105
170 1025
192 1102
193 1072
194 1073
195 1094
196 1076
197 1077
198 1092
199 1075
200 1093
201 1080
202 1081
203 1082
204 1083
205 1084
206 1085
207 1086
208 1087
209 1103
210 1088
211 1089
212 1090
213 1091
214 1078
215 1074
216 1100
217 1099
218 1079
219 1096
220 1101
221 1097
222 1095
223 1098
224 1070
225 1040
226 1041
227 1062
228 1044
229 1045
230 1060
231 1043
232 1061
233 1048
234 1049
235 1050
236 1051
237 1052
238 1053
239 1054
240 1055
241 1071
242 1056
243 1057
244 1058
245 1059
246 1046
247 1042
248 1068
249 1067
250 1047
251 1064
252 1069
253 1065
254 1063
255 1066
